353646302
2148697962
2148401585
2149191666
2149239510
2973420255
841449923
841554633
841554717
2633459179
2634279896
2634280354
2622658486
1589868844
1634470082
1086022077
1086024589
1086031003
1086031637
1086038103
1086040657
1086883602
1086884692
1086886184
1086887116
1086887932
1086888960
1086889926
1086890446
1086897328
1086899840
2911355823
2912208182
2912209052
2022793693
2023589802
2929262772
2929285882
2937587838
2965576499
2965594711
2965595815
2966487232
2966488604
2987543901
2208649749
2209445916
2043813706
914825816
2672463262
2672463356
460100020
2713647305
2713886575
1595801109
1596707906
1612116073
1612996136
1613238600
2357712203
2444482561
1509892465
1509894383
1671133429
1107142729
1107161293
1107959824
1107991056
2703570584
2957331485
2016926362
2873068282
2229050544
2229056208
2163435672
2583447105
2219557624
2982411612
2982413528
2982416644
2982451812
2983506457
2983506737
2983507081
2983610811
2983611117
2984139979
2984366870
2984465998
2984466820
2984467128
2984998718
2985019830
1834801283
2452751922
1452341568
2095981662
2767293957
1126139615
1126981432
1126981780
2166007162
522117251
2455839801
2455840625
1711881301
1828021411
1828023997
1828849810
1828852020
1828858508
1828866610
1828868660
1828870758
2621108125
2209579759
2210377504
2633581300
2595919018
2218970690
1460939600
2492266540
2380736198
2962942695
2962943991
2963090063
2963090517
2963784270
2963784750
2963785358
2963786590
1744062367
1744888904
2220084115
1795916842
1422392735
1423277026
1423277196
1423277394
2108597999
2928325583
1253150529
1890682350
2728806441
2728818189
2729636234
2729637882
2461067039
2183205891
2183206639
2183207115
2183210531
2183256653
2183257611
2183994806
2184043410
2190137259
2039371633
2039372729
2039372959
2040168414
2040168806
2040169660
490172088
490172164
490196477
490197749
490197783
2908386352
492112888
492122143
492130929
1832008386
2175851815
2414366297
2472599357
2474251808
2558951267
1840847123
2433798211
2434613166
2426216459
2464661877
2650607488
2779511637
2125307037
2126094012
1473047408
2195300377
2195301745
1525696187
1855226229
1719675545
1719767999
1719768029
1719768109
1719768141
2087666178
2214851062
1537611815
1686449343
1686453791
1687299652
2175280787
2175326295
2176068660
2176071638
2176072506
2176072790
2176118640
1454025755
1454026325
1454026985
1454028065
1454030657
1454033633
1454893976
1454895646
1454896690
1454896796
1454898544
1561901615
1561902859
2055823709
2055825817
2055826169
2055826493
2055828123
2056611754
2056613034
2056614842
1617237514
1813959959
1729747490
1729796538
2385462995
2385464869
2386299550
2542411308
2542412424
2542413556
2479550153
1588348607
1588350645
1588356103
1588414093
1589239048
1589239534
1589240948
1589241914
1589242302
1589244008
1589244446
1589244878
1589301950
2909424743
1505492053
1540897347
1541721218
1541756534
2209630272
2209635464
2670256673
2674143069
2674144593
2674965364
1408362739
2361949440
1519018028
2405575701
2406409650
1556494041
1438642982
2987617837
2988476722
2210019941
1442806753
2410345553
2186635195
1533327145
1533343851
1534179936
1534241674
1454760249
2390265648
2200029445
2977651777
2138098068
1509538232
1824088751
1570872443
1571763552
1571771402
1484182829
1484182965
1484183125
2725161507
2507601379
2507602021
2423100259
1518290516
2098095516
1526613460
1602389325
1537027217
2622281755
2622310783
2622311353
2232492915
2233280642
2396708200
1565560383
2945172154
2617783456
1572636225
1573523316
1702154271
461203207
1587262732
2822960957
2151706546
1596608821
1597498332
2195595233
1807908007
1807911221
1807914787
1660341269
1729521223
1721787792
2555938468
2190058552
1656038860
1656185761
1657041908
1657056272
1657063022
2928711867
1654449993
2510435383
2511264872
2531356912
1721905914
1948237360
1948254594
1963981575
1964824498
1861839984
2888537670
2888537672
1805308149
1748859610
2467256106
429730842
2833758097
2105377903
2105378581
2105379007
2105380031
2106157386
2106157696
2106158542
2769550644
2380662657
2381506572
2833021490
1827670981
1828452758
1828452796
1863349915
2981428708
2194075851
2194079013
2194864238
2642003031
2642003759
2642830294
2642830734
2642831224
2036527734
2409536114
1880222844
1900799861
2599918468
2153412992
2977232509
2977232815
2978088948
2978088974
2978089124
2978089272
1831201774
465021599
465021603
2587972950
2587982136
2365245560
2779422234
1834934492
1846490207
2451615582
491802051
1895457907
2054386363
1949934073
1950619548
2099133652
1878611035
2888413787
2889287164
2890335831
2891164516
2490374959
2491193494
1711551734
2942775411
1849097279
1849099675
1849916816
2096462277
2312171263
2651619609
467630756
467634184
467646411
2896411679
2896412061
2896414725
2897254784
2897255102
2897255446
2897256006
2897256386
2897257074
2096322644
2692631641
2693445960
2693457178
2890362133
2890362657
2890363101
2961642152
2243502740
2436174849
2438437867
2438438401
2826434150
1947125313
1947127591
1947131715
1947912652
2116038292
2072584549
2073386012
1988182105
2197240576
2454026883
2929541206
2407523197
2408355600
488840502
2435227314
2003508389
2850014337
2005496118
2122774074
2030717709
2181906357
2181910073
2086558351
2387639910
2035054635
2437548276
2234830879
2235619766
2235622370
2049825576
2060841693
2060841901
2061630860
2218638637
2219430404
2099333652
2204556216
2190707581
2062464756
2180428172
2929939953
2132554955
2132555275
2133328934
2133336472
2495698625
2496570028
2934858164
2992307470
2203867244
2496469573
2174716083
2211120951
2089740590
2093846305
448756187
2099877328
2095189217
2101061167
2101790128
2101790132
2101790156
2101790164
2099536762
2428373005
2274092281
2207133047
2122200478
2190611288
2114976602
2121402468
2121404128
2125835294
2128819328
2346464326
2346464490
2201710559
2157412363
2129777714
2144542101
2408185753
2408186337
2162192483
2162196385
2144115081
2144913390
2469974565
2469988475
2470794160
2470812638
2470814516
2470946716
2718276514
2883164593
2712991837
2903668761
2903669903
2903671119
2903672115
2904598508
2904599732
2904600998
2225470839
2225470849
2225482171
2225482181
2225482191
2226298998
2251472201
2194034781
2194035063
2258201672
2163837155
2163837599
2164635502
2164638454
2164644700
2164644944
2224553962
2176576477
2176580301
2176580439
2176581215
2176581349
2177370754
2670860797
2173461735
2192323693
2193112280
2947931368
2895634710
2178373505
2904544173
2454581552
2235890353
2672588970
2222160214
2467512897
2467552175
2201764854
2197876232
2275057749
2689989950
2214550430
2238514904
2207900262
2384174186
2759051503
2219165562
2219706244
2442085959
2224324038
2613557586
2613557862
2613558116
2981806927
2981813071
2982648256
2982659662
2982661644
2223868959
2223869337
2224660458
2224660750
2901759401
2232570798
2923325531
2924176238
434958126
2358204547
2359037584
2236505647
2236506829
2237295100
2344570721
2234929755
2364075930
2364079070
2240013226
2242987366
2242988128
2242988264
2243023053
2243023241
2243023387
2243023521
2243028041
2462162181
2463017610
2244465397
2245259642
2237153164
2872123617
2684574393
2938122048
2597733148
2950597654
2951759202
2951858548
2294114322
2886433208
2886505134
2274829416
2274829430
2358602774
2275219583
2637048931
2637050715
2637071649
2637072577
2637878176
2667287838
2447926087
2448749962
2448750270
2448751654
2463238791
2317453532
2389828515
2390661808
2293388329
2320786659
2320806717
2320812003
2321630390
2321633158
2832506658
2305029851
2887536236
2377198911
2303266598
2696689046
2426015156
2312802429
2314925406
2395275139
2395276097
2405519835
2435209528
2493259662
2930967614
2348007665
2438920891
2330844437
2388239584
2965694251
2965696913
2965741781
2965772693
2966585848
2966588480
2966619268
2966619572
2906571084
2906571934
2358513433
2342476940
2358593223
2359439292
2393959949
2393960221
2358624258
2393149886
2394753099
2394760511
2394878795
2394892919
2395582770
2395703782
2395708004
2395716300
2372217937
2373058582
2371119978
2376241165
2371467086
2371467424
2382793355
2387205279
2388050386
2386757655
2386412086
486173494
486204727
2744638950
2396801395
2191355011
2191358859
2191360639
2389715523
2393139013
2393970214
2393970490
2393970790
2393970926
2392345359
2919111063
2919957302
2397294598
2417415924
2400451039
2403278475
2404089008
2422901991
2434651633
2434652411
2974428438
2436868027
2708921587
2792058085
2792908742
2792910668
2792911568
2792912528
2406858654
2413605709
2414444266
2410078151
2410905688
2410908264
2466503995
2413948223
2511309910
2431744295
2432269772
2432556178
2423811989
2507767703
2513838555
2514662510
2426235625
2426328435
2426329927
2427016378
2427018876
2427140918
2492153671
2423917251
2430203691
2430208005
2430215823
2430223039
2430229033
2431023736
2431025044
2431044740
2431070350
2432273016
2539968108
2440660639
2833582751
2962271466
2964215767
2964470112
2965072576
2445871641
2481957216
2433241686
2433241978
2438612537
2439435910
2439437108
2439437478
2440831402
2444987879
2454590254
2670879319
2670880965
2670882089
2671701378
2700553729
2701363954
2701369674
2461227835
1892642947
1892649667
1893484790
2475273978
2515920973
2515921085
2516743498
2869947700
2964379860
2964379886
2964379910
2964380530
2480402143
2481214452
2481214596
470039213
2878942628
2490876804
2733866582
2693821218
2489936810
2489941552
2496059171
2596082530
2636269347
2636269875
2511790525
2525564736
2718586562
2593306714
496287917
496287923
496337510
2517078008
2876034422
2519701466
1873040799
1873371213
1873377333
1873383277
1873871560
2524064869
2601044822
2601045260
2536079225
2536893336
2536894712
2536896290
1571848591
1571865531
2658344087
2658353563
2659177180
2548200566
2600030949
2600863682
2882040557
490370576
2586186812
2560317754
2560317968
2560318536
2630748668
2611168888
2757783812
2603009630
2603009648
2722784551
2701061180
2695417533
2696234124
2794780913
2794780915
2794780917
2795658878
2707280159
2604257446
2587655613
2577094951
2577184119
2954720773
2954728703
2955568654
2955607170
2658371851
2659200570
2598721538
2590217117
2592075931
2639658857
2639659457
2655316753
2655319175
2655321721
2655324735
2727349094
2601299330
2657818791
2611699810
2614810297
2615355826
2683834960
2650007863
2969801920
2769040484
2931086342
2931087298
2931089264
2765538606
2765539450
2765551290
2633202424
2900793819
2903456064
2916015349
2668127914
2755839040
2649354125
2655478336
2808323140
2648937871
2649769942
2650099491
2647957419
2652441961
2662700461
2741353939
2741356875
2742187594
2742197218
2659162705
2659163719
2659164329
2659166399
2659996630
2658348868
2672672165
2673493184
2675395915
2675397525
2661652141
2669121726
2669122080
2666114794
2662750607
2667422851
2669627123
2663655618
2667660175
2685787407
2685793785
2686605286
2714708863
2715523308
2672805366
2677901585
2678678524
2949620730
2836213061
2836254925
2837087030
2679031386
2681327218
2715453996
2691666121
2912485311
2696988098
2698785637
2699600742
2699607052
2695605670
2747157828
2838069976
2707012895
2712074007
2867937375
2867941025
2867942307
2867943377
2867945847
2867947181
2867948577
2867950001
2867951269
2867952541
2868769338
2868771786
2757799662
2712702101
2767453708
2834782742
2713200693
2715407800
2715634576
2987471899
2517702663
2518521408
2518521888
2518521976
2735589847
2819704692
2741896817
2774803571
2761367994
2763112689
2774307179
2774313209
2898856809
2899151203
2899153009
2899154703
2899156183
2899158043
2899159381
2773063539
2777150869
2782330710
2930349099
2794178253
2820799099
2821591492
2821591978
2821592872
2395507836
2849024079
2850595457
2914326281
2828824178
2974963357
2829472023
2830308344
2967646637
2886554573
2975732095
2976586282
2825231984
2826080458
2848036014
2831631774
2960568621
2901085299
2928933117
466405733
481996197
2846647693
2846661099
2847481762
2847496028
2847502840
2847512926
2968507901
2934598285
1714814857
2863815928
2904369440
2867981700
2934499855
2975077531
2870268404
2957629165
2876284846
2885922750
2889941267
2889941599
2890076357
2890853102
2891129575
2891130387
2891145675
2891145949
2891969500
2891985004
2895994441
2901761201
2909822005
2910664614
2900968766
2908332721
2934167373
2935004334
2935017910
2926379415
2970534391
2970534393
2911590117
2911591693
2912439236
2912470554
2962830494
2910798527
2911645416
2913841759
2909884221
2967225626
2918772249
2918776619
2920347171
2921190812
2921190864
2921375361
2979570556
2921616368
2942074399
2926468020
2847514177
2847514513
2847540411
2936007362
2973075435
2973075483
2973926048
2952644960
2947233895
2957258027
2837512185
2951412136
2991156371
2991994636
1470789571
1471643772
2525489236
2526018212
2233485510
2627797497
2628614790
2628617828
2337382014
2337432956
2337438538
1346203003
2716468305
2717280162
2717280602
2717282498
471574664
471574688
2219442608
2219444672
1464706512
446523477
446523483
446523507
446531281
446531283
458992365
449714520
449716064
449717636
469637562
475568469
2976532253
2976533399
2976535135
2976548217
2976549831
2976623645
2977387342
2977399864
2977406906
2977479986
2977480464
2241677031
2241691751
2242474782
2242483154
2242873635
2243667316
2249065659
2249863408
2249869604
2253091353
2253157792
2573943190
482274148
482283731
482283765
482283797
482283827
2673523683
1519000197
1519019037
1519078209
2447414941
2097691722
1560567629
1561457452
2035598052
1495801678
2454504423
2617434475
2617434761
2617435025
2618257126
2618257620
2618257928
2405547423
2934332728
1810245815
1811080120
1811088786
1811089464
2930269970
2863173799
2397069144
2187082986
1947809557
1558392506
460496901
460496971
2673901382
450047410
450061123
450063373
2020298490
1569900007
2100583115
1516760395
1517614704
1517701178
2884828191
2885670348
482693986
482703551
1806521456
2921041829
2303797667
2303809853
2303811625
2303815109
2304615122
1534624680
1534625026
2425239998
2830152445
2893172436
2973835647
2339088036
698445269
2458481895
1604235488
445978125
700831847
2829062215
2489943765
2490762666
2863208713
461304674
468437715
1542054095
1542936220
1542936234
1602590935
1605281629
473617318
2906078397
2906079847
2906923774
1828971465
2219340928
2659994103
2659996017
2659997773
2660821280
2660823302
2220233775
2455767769
2456596168
2595702659
2595702913
2596535716
2841996383
2841996705
2842845054
2352521413
2352521685
2353352014
2694959777
483948006
2902916372
2965636782
2429320984
2429341602
452905231
433778572
1861731656
1861731748
2670363324
504441402
1745832294
436323010
429306984
455457886
455471743
2192109885
2192109975
2192110099
2192112089
2192112217
2192114475
2192115945
2192124097
2192124209
2192132745
2192133147
2192133273
2192133579
2192133845
2192133981
2192134457
2192134569
2192134671
2192136163
2192136303
2192136435
2192136689
2192136817
2192136901
2192142477
2192142731
2192149913
2192151405
2192151609
2192152817
2192169535
2192169737
2192169901
2192170285
2192898576
2192902780
2192902914
2192903394
2192904164
2192904320
2192905528
2192905688
2192908470
2192910176
2192912766
2192912918
2192913364
2192921404
2192921686
2192921818
2192922574
2192923014
2192923800
2192923936
2192924562
2192924684
2192925288
2192925754
2192925868
2192925978
2192926210
2192936306
2192939666
2192939886
2192940720
2192958722
2192959256
2372586865
2460246039
2460247011
2461080308
1660686452
1660690164
2924280714
1764194487
1767689230
2280789735
2951418655
2951419371
2952268584
2952268854
1612847645
2339671690
2339672620
2387033880
2390221147
2390290327
2390292809
2391054162
472186812
1943222511
2067075561
2067076425
2067076715
2067870620
1868680915
1868682493
2961232270
1749629082
445043698
445050453
445050529
465239169
465239269
1804784155
1545171111
439989596
1583560154
2223345977
2223346489
2223347001
2224138112
427395928
1732664670
1732665052
465368868
465374615
465374693
465374819
465374869
2248903755
2232888181
2232891155
2232891287
2232891883
2232892117
2232892719
2233677106
2233677586
2233678046
2233678166
2233679010
2233679582
433790993
2473191978
2910023717
2910194907
2911039686
2396361065
449340062
451479206
442816712
442827534
442853009
443655658
443655880
497280799
2748000829
446232533
447500662
518037853
2455942885
2455943153
451277144
451279678
451279744
451290321
451290409
451293273
451294189
473329864
449407717
2229874393
453206596
453216072
453223119
453231821
2698053739
2698057295
2698874840
2698879814
2209877041
2209885403
2210670338
2210678210
448275673
448276249
448286410
448287130
456204334
469259573
2056381449
2313025572
2436808445
2436810415
2362102990
2239833700
2239834672
460571046
461756188
2583799110
2635497417
463063205
2963466925
2691852719
2691853121
2691860039
2691860925
2692665590
2692665752
2692667494
2891193431
2891193737
465382437
465384023
466313192
510919124
510919264
510919342
510919440
510941669
2316419534
498019230
498019344
498019540
2442871980
485099458
485099502
485099898
485133531
485133581
485133809
485133905
2703732283
467880512
467880526
467880544
1765777181
475526717
475526769
475526815
475526869
463229429
2444001969
481086765
481091321
2358997323
2359809688
2359810844
2070821119
2071626752
2741009755
2741010849
2741849470
483544293
483545297
483545381
2632309722
518378535
518395115
1990144539
492622392
492622396
492054939
489145589
489146069
489146277
2235329092
2235329302
2886677273
865498650
1439492371
2192738777
2192741385
2443114163
2443114595
2443941012
2443941166
1675239639
488283878
488283950
488310559
488311195
2595223661
2595223721
2359324356
2359324390
2359359820
2359359830
2359373122
2359373130
1449969057
479265674
2467907538
2135439211
2135528745
2136318088
2136320618
1544058974
1544698672
2846174249
2847150132
2847163332
2847163340
2457251981
2457253285
2457254677
2458081604
2458082818
2624984076
2624984486
2158208377
2159005368
2133198022
2243494907
2244286404
2244286460
2764902580
459578786
459578794
459629566
2231121969
2231122793
2231125801
2231126811
2231915488
2231918720
1535718877
1536589782
2228748767
2229542512
2719661474
2038699570
2038709428
2038710626
1798548667
1798551697
1799165672
1799166360
1799167586
1799168238
1799392638
1799393276
466740102
2879230229
983883154
2683001059
2683819182
2063487986
481979781
1601408826
1617809812
1536912273
1536941855
1537805618
2306262103
2911815640
2914954361
2914955797
2915083769
2915096393
2915102567
2915107669
2915129601
2915137955
2915795016
2915795500
2915796044
2915798384
2915805250
2915953320
2178198127
2178199583
2888345090
2663596642
2249788782
2249789204
2691624557
2692439512
2807887329
2807931407
2808737796
2808782126
1809680337
547551920
2619620484
2955356335
2955359449
2764709451
1831259493
1831407443
2131191331
2131409641
2131959658
2132174540
2381289979
2381290749
2381291615
2382119086
2429084933
532689292
2675540289
2676356996
1465086546
1465086554
1465086574
95991979
95992194
2778647767
2778650255
2964205541
2608740381
2450239504
2625537178
2625538020
2793425676
1472548318
1579133756
1801898863
1801922619
1801925693
1801927305
1801973343
1802690320
1802733976
1802740404
1802767130
2180157218
2377555693
2491039954
2491039960
1807718786
2045747031
2880638363
2880643597
2881467070
2881467310
2881480188
2622574150
2675255647
2676071272
2676072640
2368561348
2368561510
2203196781
2203199551
2444599177
2915883467
2686176916
2940366544
2940367022
2940375462
2940395382
2940395850
2193883605
2194671296
2741311955
1605160249
1605163511
1605168693
1605174451
1605386610
1606056784
1606062366
1606068202
1606071404
1606077054
2419169162
1469308938
2631783833
841231617
2681710965
2681712589
2681726227
2681727039
2682529494
2682545246
2860709166
2860709332
2056430316
2712257103
2816505516
2214616909
2879070267
2865070094
2915187612
2753921027
2754751716
2711260513
2722043245
2151967718
2961691303
2961707981
2962537006
2962554054
451663070
451676625
451678059
2357564421
2358398444
2358401468
2363468913
2363469501
2715198389
485844517
2216568195
2216576347
2216587765
2216588543
2377454077
2378290574
2450689495
2471216372
2407276442
2443911176
439064572
2662473416
1655230751
2709810913
2949364773
429573221
429573592
2612005165
2688869031
2951260225
2951304285
2557376665
849765479
2580942567
2581784410
2384393751
2384398839
2385226358
2385231224
2445782510
2156699445
2156699655
2157493868
2157494088
433387673
433431709
2973632529
1746324089
1746328157
453922097
453923781
453925189
454121096
2832461480
2177092441
2378643414
2883862547
2373644179
2374478814
2165959687
2165962651
2165964975
2165966207
2165975455
2165988323
2165990289
2166751084
2166752212
2166754396
2166757674
2166766602
2166767860
2166770066
2166772178
2166774282
2166782752
2954357855
2954360681
2954501975
2954503289
2955349382
2955350324
2955353550
2955354820
2955355460
2183631179
2183631407
2184418618
2178408243
1791761425
1792591292
1391301801
1392165862
1392172938
1392180736
1392188008
1392202162
2417277580
2417279712
2961491353
462182088
462182364
462188989
462189577
482261018
482261052
2793205703
2609359967
2609360935
2609361569
2610191230
2610191702
2610192816
2181040781
2181827688
2761173178
2865097817
2865927600
2865927894
2342581815
447400204
2630969313
2630973037
2630976487
2631788168
2631789826
2631793746
2632028582
2632031022
2632034514
2632055828
1809381676
2557550811
2259308455
449252446
449257269
449257323
449257383
449258256
449263639
2795117339
2368881739
2368881745
2368883981
2368886457
2368886461
1909993054
2856317397
1801791073
1543188897
1544058034
2114162830
431788381
431788598
431789198
431789250
431789315
2585401989
2921698377
1491502823
484176185
484176199
484176211
2521657461
2522485822
2882480192
2946547419
2946547745
2946548175
2946548841
2946550331
2947403418
2947403682
2947408442
2947408778
2129057711
2129120755
2097479181
2098250858
2098256734
2970603267
2970603899
1757597523
1757630965
1757645981
1757692455
1758441996
1758459362
1758505430
2432561169
2378363502
2378364332
2705660309
2440442596
2672366769
2673183662
2673184024
2673184402
2673197986
2673198582
496568128
2726630449
2726635479
2726637457
2727464426
2839115266
2839119376
2839122924
2919319897
2326463163
2327278808
2677935375
2677935507
2678752222
2120703961
1341635811
1342523130
2344485650
1730661930
450522749
450544838
2980355689
2954798282
2951589124
2087285048
2202233916
2203955856
2204309720
2392620272
2305574325
2450450010
2724682187
2724684937
2725536046
814735184
2471555083
1635969745
1635969773
1653140967
1654128912
1654386384
1654386414
1654386448
1654386502
